              precision    recall  f1-score   support

       指挥与调度     0.9205    0.8526    0.8852       190
     人员救助与安置     0.8670    0.8624    0.8647       189
     专业巡检与抢险     0.8933    0.8863    0.8898       255
     信息沟通与发布     0.9075    0.9107    0.9091       280
    生产生活秩序维护     0.8970    0.8757    0.8862       169

   micro avg     0.8975    0.8809    0.8891      1083
   macro avg     0.8970    0.8776    0.8870      1083
weighted avg     0.8977    0.8809    0.8890      1083
 samples avg     0.7715    0.7670    0.7576      1083


[[[556  14]
  [ 28 162]]

 [[546  25]
  [ 26 163]]

 [[478  27]
  [ 29 226]]

 [[454  26]
  [ 25 255]]

 [[574  17]
  [ 21 148]]]